33.77605253432275, -84.39693156869087
33.77605253432275, -84.39693156869087
33.77605253432275, -84.39693156869087
33.77605253432275, -84.39693156869087
33.77604572658256, -84.39696792380298
33.77604572658256, -84.39696792380298
33.77604572658256, -84.39696792380298
33.77604572658256, -84.39696792380298
33.77604418158109, -84.39695683209213
33.77604418158109, -84.39695683209213
33.77604407434707, -84.39696075017369
33.776072641866435, -84.39693058486816
33.776072641866435, -84.39693058486816
33.776072641866435, -84.39693058486816
33.776072641866435, -84.39693058486816
33.776072641866435, -84.39693058486816
33.776072641866435, -84.39693058486816
33.776072641866435, -84.39693058486816
33.776072641866435, -84.39693058486816
33.776072641866435, -84.39693058486816
33.776072641866435, -84.39693058486816
33.776072641866435, -84.39693058486816
33.776072641866435, -84.39693058486816
33.776072641866435, -84.39693058486816
33.776072641866435, -84.39693058486816
33.776072641866435, -84.39693058486816
33.776072641866435, -84.39693058486816
33.776072641866435, -84.39693058486816
33.776072641866435, -84.39693058486816
33.776072641866435, -84.39693058486816
33.776072641866435, -84.39693058486816
33.776072641866435, -84.39693058486816
33.776072641866435, -84.39693058486816
33.776072641866435, -84.39693058486816
33.776072641866435, -84.39693058486816
33.776072641866435, -84.39693058486816
33.776072641866435, -84.39693058486816
33.776072641866435, -84.39693058486816
33.776072641866435, -84.39693058486816
33.776072641866435, -84.39693058486816
33.776072641866435, -84.39693058486816
33.776072641866435, -84.39693058486816
33.776072641866435, -84.39693058486816
33.776072641866435, -84.39693058486816
