33.7761007232137, -84.39697417998858
33.7761007232137, -84.39697417998858
33.7761007232137, -84.39697417998858
33.7761007232137, -84.39697417998858
33.7761007232137, -84.39697417998858
33.7761007232137, -84.39697417998858
33.7761007232137, -84.39697417998858
33.7761007232137, -84.39697417998858
33.7761007232137, -84.39697417998858
33.7761007232137, -84.39697417998858
33.7761007232137, -84.39697417998858
33.7761007232137, -84.39697417998858
33.7761007232137, -84.39697417998858
33.7761007232137, -84.39697417998858
