33.77605692028165, -84.39695017418174
33.77605692028165, -84.39695017418174
33.77605692028165, -84.39695017418174
33.77605692028165, -84.39695017418174
33.77605692028165, -84.39695017418174
33.77605692028165, -84.39695017418174
33.77605692028165, -84.39695017418174
33.77605692028165, -84.39695017418174
33.77605692028165, -84.39695017418174
33.77605692028165, -84.39695017418174
33.77605692028165, -84.39695017418174
33.77605692028165, -84.39695017418174
33.77605692028165, -84.39695017418174
33.77605692028165, -84.39695017418174
33.77605692028165, -84.39695017418174
33.77605692028165, -84.39695017418174
33.77605692028165, -84.39695017418174
33.77605692028165, -84.39695017418174
33.77605692028165, -84.39695017418174
33.77605692028165, -84.39695017418174
33.77605692028165, -84.39695017418174
33.77605692028165, -84.39695017418174
33.77605692028165, -84.39695017418174
33.77605692028165, -84.39695017418174
33.77605692028165, -84.39695017418174
33.77605692028165, -84.39695017418174
33.77605692028165, -84.39695017418174
33.77605692028165, -84.39695017418174
33.77605692028165, -84.39695017418174
33.77605692028165, -84.39695017418174
33.77605692028165, -84.39695017418174
33.77605692028165, -84.39695017418174
33.77605692028165, -84.39695017418174
33.77605692028165, -84.39695017418174
33.77605692028165, -84.39695017418174
33.77605692028165, -84.39695017418174
33.77605692028165, -84.39695017418174
33.77605692028165, -84.39695017418174
33.77605692028165, -84.39695017418174
33.77605692028165, -84.39695017418174
33.77605692028165, -84.39695017418174
33.77605692028165, -84.39695017418174
33.77605692028165, -84.39695017418174
33.77605692028165, -84.39695017418174
33.77605692028165, -84.39695017418174
33.77605692028165, -84.39695017418174
33.77605692028165, -84.39695017418174
33.77605692028165, -84.39695017418174
33.77605692028165, -84.39695017418174
33.77605692028165, -84.39695017418174
33.77605692028165, -84.39695017418174
33.77605692028165, -84.39695017418174
33.77605692028165, -84.39695017418174
33.77605692028165, -84.39695017418174
33.77605692028165, -84.39695017418174
33.77605692028165, -84.39695017418174
33.77605692028165, -84.39695017418174
33.77605692028165, -84.39695017418174
33.77605692028165, -84.39695017418174
33.77605692028165, -84.39695017418174
33.77605692028165, -84.39695017418174
33.77605692028165, -84.39695017418174
33.77605692028165, -84.39695017418174
33.77605692028165, -84.39695017418174
33.77605692028165, -84.39695017418174
33.77605692028165, -84.39695017418174
33.77605692028165, -84.39695017418174
33.77605692028165, -84.39695017418174
33.77605692028165, -84.39695017418174
33.77605692028165, -84.39695017418174
33.77605692028165, -84.39695017418174
33.77605692028165, -84.39695017418174
33.77605692028165, -84.39695017418174
33.77605692028165, -84.39695017418174
33.77605692028165, -84.39695017418174
33.77605692028165, -84.39695017418174
33.77605692028165, -84.39695017418174
33.77605692028165, -84.39695017418174
33.77605692028165, -84.39695017418174
33.77605692028165, -84.39695017418174
